print(Validation_source_recall_global)
print(Validation_source_formatted)

# ResNet20_AttackTiming_Standard

[0.0, 0.1680161943319838, 0.34615384615384615, 0.38866396761133604, 0.3623481781376518, 0.41295546558704455, 0.4959514170040486, 0.52834008097166, 0.6072874493927125, 0.6194331983805668, 0.6639676113360324, 0.6639676113360324, 0.6923076923076923, 0.742914979757085, 0.7692307692307693, 0.7874493927125507, 0.7813765182186235, 0.7550607287449392, 0.8036437246963563, 0.7975708502024291, 0.8036437246963563, 0.819838056680162, 0.8299595141700404, 0.805668016194332, 0.8259109311740891, 0.8461538461538461, 0.8238866396761133, 0.8016194331983806, 0.8461538461538461, 0.8704453441295547, 0.8502024291497976, 0.8259109311740891, 0.8441295546558705, 0.8360323886639676, 0.8724696356275303, 0.8441295546558705, 0.8380566801619433, 0.8643724696356275, 0.9048582995951417, 0.8481781376518218, 0.902834008097166, 0.8987854251012146, 0.8765182186234818, 0.854251012145749, 0.8967611336032388, 0.8441295546558705, 0.888663967611336, 0.868421052631579, 0.8603238866396761, 0.9089068825910931, 0.8603238866396761, 0.8765182186234818, 0.8704453441295547, 0.8846153846153846, 0.868421052631579, 0.902834008097166, 0.8643724696356275, 0.8744939271255061, 0.8866396761133604, 0.9048582995951417, 0.888663967611336, 0.8704453441295547, 0.8724696356275303, 0.8927125506072875, 0.8785425101214575, 0.8603238866396761, 0.9089068825910931, 0.8765182186234818, 0.8805668016194332, 0.8765182186234818, 0.9008097165991903, 0.888663967611336, 0.8846153846153846, 0.8724696356275303, 0.868421052631579, 0.917004048582996, 0.8805668016194332, 0.8805668016194332, 0.8704453441295547, 0.9008097165991903, 0.8947368421052632, 0.8967611336032388, 0.854251012145749, 0.888663967611336, 0.8846153846153846, 0.902834008097166, 0.8825910931174089, 0.9190283400809717, 0.8947368421052632, 0.9048582995951417, 0.9129554655870445, 0.9008097165991903, 0.8947368421052632, 0.9210526315789473, 0.8866396761133604, 0.8765182186234818, 0.902834008097166, 0.8927125506072875, 0.9109311740890689, 0.9008097165991903]


[0.0, 0.168, 0.3462, 0.3887, 0.3623, 0.413, 0.496, 0.5283, 0.6073, 0.6194, 0.664, 0.664, 0.6923, 0.7429, 0.7692, 0.7874, 0.7814, 0.7551, 0.8036, 0.7976, 0.8036, 0.8198, 0.83, 0.8057, 0.8259, 0.8462, 0.8239, 0.8016, 0.8462, 0.8704, 0.8502, 0.8259, 0.8441, 0.836, 0.8725, 0.8441, 0.8381, 0.8644, 0.9049, 0.8482, 0.9028, 0.8988, 0.8765, 0.8543, 0.8968, 0.8441, 0.8887, 0.8684, 0.8603, 0.9089, 0.8603, 0.8765, 0.8704, 0.8846, 0.8684, 0.9028, 0.8644, 0.8745, 0.8866, 0.9049, 0.8887, 0.8704, 0.8725, 0.8927, 0.8785, 0.8603, 0.9089, 0.8765, 0.8806, 0.8765, 0.9008, 0.8887, 0.8846, 0.8725, 0.8684, 0.917, 0.8806, 0.8806, 0.8704, 0.9008, 0.8947, 0.8968, 0.8543, 0.8887, 0.8846, 0.9028, 0.8826, 0.919, 0.8947, 0.9049, 0.913, 0.9008, 0.8947, 0.9211, 0.8866, 0.8765, 0.9028, 0.8927, 0.9109, 0.9008]

